clean: 0.648296
blur: 0.528518
noise: 0.319721
bright: 0.583081
